32269209
14759071
17510375
28188749
23823868
27739105
21763456
26822915
15879291
29089644
31578587
27019961
17640983
19751712
27744525
10737991
31911587
21258428
11925413
12150293
34784561
26743485
25411003
12694189
25648368
11377343
10482360
25957686
11874498
8982867
17018592
21372719
18407552
19929276
21217642
25571954
8645981
28733453
31914083
27869819
31228941
33166209
20093722
12571157
25804741
24496328
25620570
18817731
22526156
31769872
28928145
22019594
25159184
20589104
33025417
29990989
27180050
17331069
21623163
32250040
29391954
20200305
6317685
9716450
31487726
25596645
29503647
20943106
15890089
30652669
27193186
32086342
17400243
19193106
15167692
29581580
11945165
20129926
23773728
20672375
29540850
19645626
28521877
18852869
27813605
18470948
12027456
7906019
26276358
35305574
27221867
16046581
29367621
12903042
20380359
28919426
6526653
10970849
21558392
26443267
22438557
7907913
23502765
9603189
15628732
1690513
32615840
21889619
25343336
12414995
35334593
10623549
17158173
15867196
21511817
25971279
32127465
38251939
20179993
12220680
25851723
23599152
16988783
31748522
22140458
24971869
10330089
38167636
15963062
2352257
25546405
16018973
9060610
35096646
29108629
25560488
23878723
32829108
35064076
21285950
21868695
32449981
16989986
22404928
12897150
19300440
22381774
20980251
16940182
31040240
36789739
32802038
36884182
22445837
25061177
37813295
21880736
28025030
20542173
18486611
7668285
14759073
16775173
37739160
8300636
25280345
38228523
23006766
14744776
19690863
27465261
30967399
37983720
31405566
22411058
14746672
25688879
34354151
18076382
26743087
23750651
20843787
33545632
11259128
17369452
27623941
13856
17560885
15199162
24294369
32094185
24810167
33627146
17095717
17475868
22728018
35716761
8702787
19751436
1649196
19965850
12506084
16717091
29118270
23536554
1370808
20472827
12393864
19895348
37988793
32362422
24911120
26759449
24586588
19250145
19720803
6630202
17549441
19950799
9462881
35902358
19688775
23252368
10887191
27222287
22673885
36113626
15526154
34639093
18180442
29263042
23700441
31119842
19925654
17975025
23229921
32257968
22688555
15151509
18367670
35258401
20857097
36522653
25051049
18769129
16133898
25305489
20575069
7599919
30483260
19811392
37524613
22035591
22806356
28983871
16905533
36914720
7573159
31057548
22216266
27720987
19309308
19348790
23615904
11836575
1915066
20806341
29132362
18624354
23982217
10342886
15852365
26242487
34762427
28991837
11257267
20442305
7840300
24789751
19506019
9931345
25494482
3000765
25132734
31833565
21323963
21987404
34694419
34899688
23754559
33495502
34512657
18812553
10946356
14656220
20070406
23095853
8453382
27780891
23950153
29653750
23226406
37416927
19319024
22804935
17699765
8946682
28866611
32892498
24598366
15642266
29135371
11985583
19062180
10899159
10535983
24295505
7687536
12629250
36344769
14712487
9889004
26884207
26617849
18429853
23812389
21212639
29439954
19056781
23629653
9660053
25301948
22840365
8111406
33311489
17352393
20491703
22965468
38036545
28954073
23719381
25936334
21505847
19556716
23921077
12481032
15741259
21285513
16005139
29144507
23161547
11799107
24197071
16377623
20176016
20977674
22066265
29438049
35779428
30791549
8628679
22234694
8679639
17520326
19139306
18579508
9216656
9044857
12403770
22289536
20965855
22114677
24741576
22035161
23824658
28755203
33495408
17178855
22701600
20005475
16091571
36322904
17704798
10085065
29297177
33528808
36599901
9627582
36031168
12860370
30481748
37896795
14657878
22718347
18028428
24777681
18628981
24577465
8004112
37684684
21713554
18495592
24186915
25381825
15578261
37221048
27739482
37523600
12842839
24733928
25441671
19170965
34915279
16331611
33825342
28912415
10464142
22484182
9624170
24390680
29843655
27278076
24799675
36293320
20599404
22492505
33057142
36208230
22225906
19232661
35197176
14966372
30822160
21296894
24904062
16369996
24258710
19889764
27177831
9092642
18234104
34236821
23523337
36720638
17693651
23233117
2465637
14506259
27163679
36592225
30634982
15886424
27788958
38190651
18617895
19029836
21852362
22748670
34986297
15270212
12535741
33208304
37493252
22699621
33909992
29217820
22126117
32319604
23169777
16696750
29382845
32764148
28674979
3053245
11032835
28934397
31958143
15583855
11936877
22440249
25962180
15662416
28544564
32388749
10823818
24025986
24510558
15056284
20666778
24121501
18689547
33481135
22159114
24051572
21805047
18972560
31285420
20086306
21719749
21174186
33577860
21364910
28045037
16472798
17139196
25908557
34562123
27175591
16876867
15257943
36982780
21702043
11731337
36499275
25540417
26711465
17702011
8592340
16000390
23050902
25045415
14614398
16030021
18218718
33985864
17595112
22572541
24632553
24606699
21884743
34536124
12896876
37451608
25441765
23625376
27992874
18306728
17148775
33918018
28331061
34572509
32164722
19136660
26170296
33492225
14504658
30297739
34257552
28826884
32382038
19740687
37922253
37228611
34519605
31821705
15345185
25116801
8155697
31282133
28611075
12030849
21788372
24404592
31785027
8348977
19188436
17608765
8346219
23744494
16936197
25101906
16061480
22103900
23417354
27240623
31335489
15377282
19076219
28011106
15852425
25135642
11251690
23747401
28795768
35456026
23140995
36519896
9335434
19892844
24657486
29302047
18299127
23449777
17696253
23404499
29470556
19046427
12219010
35996348
31964836
24272599
30498907
15583370
19555315
24156251
34872475
7973707
20803152
23144635
36517239
19022290
23071725
17438106
26068529
8120014
35326404
12800233
34931541
36970857
19530244
32356443
25727320
23447037
6322161
29802738
24413203
27122348
22393162
2229063
25375035
30711473
27278329
14562641
18083510
26815134
33905776
9412477
26212126
23240894
30890597
25597355
10662808
21843064
27162148
1608447
10701853
20123071
11838849
26935715
17286227
7629248
15925988
10815801
15795311
24882593
25548410
30786667
19153371
19371212
12517594
35974336
25513803
19850678
37253389
34020567
8612308
36744645
14617632
26291314
20655981
26187859
19853237
25092674
17893397
20378838
25765001
26325075
19371962
21607620
7905856
27600066
19930673
37094431
10395799
27650617
33300073
33480229
35813472
16891369
26575328
12556349
25388846
15696545
35957513
23551055
30135142
12193156
24350254
12140292
23401436
17914448
30808336
30992538
17967169
28983842
15475443
37998380
38110110
37248399
25596499
16793772
27735943
9176399
26482374
30597922
17100508
27049724
15968399
20732742
2966076
26909935
22384011
15591269
14633739
21161403
29083920
33568575
15070963
23715752
11211058
20585760
16135635
23110818
24917023
31647130
29661184
20920330
33864349
25711523
20709049
20592357
29718295
21530363
30911107
35108590
9287230
29551730
19500602
24740884
18313383
11316846
33429004
21443130
33764464
18331833
25565581
31492428
9553767
36810866
9634700
25058650
27752131
37230964
34984852
23851018
24869919
20042918
36840900
25299082
30581498
1825810
37321067
11959854
26725685
14638862
10945472
11861298
7935471
37726833
25497834
16883526
21085658
36449547
21557695
29178146
16574322
24289619
24761880
17681148
28494452
17965192
23088763
27684961
19603446
31021016
26941019
11916383
29676293
15653686
30638177
30147695
17007666
35654814
23056383
25238250
18628249
3027451
24642126
14504198
24796328
18379437
1556124
26751215
20431721
20371604
18211100
16740750
34571504
26709662
32093765
3661560
14559913
32677970
15147203
25912551
21420785
11840773
23115165
35266446
9224617
16608881
30936465
21232003
19181744
30576948
24922071
25891834
18393242
27475889
32236096
17604011
29478902
12543865
26761524
9809751
29887244
15292342
18568946
19236532
36882778
31290742
15226671
32600459
29921289
18976020
15855261
7772867
21248034
23049750
22778412
11931635
20581467
26756179
35854768
12688353
17020411
11692184
28229932
34637110
35604388
2022644
25546515
24385430
18275939
29054088
23658722
21737502
26422112
18287561
11738931
16511496
25096510
32918700
22194207
28322082
20720211
21306344
16533424
29416054
24062088
17720280
8275093
25898830
22514116
32788615
35051533
30909496
33292049
15503154
25163389
33803867
15953129
15827762
20178540
9512513
33444963
33982589
19656997
24964959
24894074
11744716
19458622
26676851
16613701
30286780
17251670
27403036
29413322
21080980
6164048
18269578
23716295
12447938
33539344
26057352
26194536
30622242
30575814
25895473
25851713
25707354
24703693
12490287
29425695
20101261
20093726
23030842
18039470
28526809
16253768
15567743
24440699
26508835
32614092
21424745
19318916
18637198
28349888
24932692
20127858
12529699
29724796
25824302
16283142
30957248
20443131
28153390
26412030
21325865
25180020
36702749
22829075
24500404
26394485
10413673
20515555
29610279
27057694
20871269
30114340
22294633
28135894
34751249
1512241
28699106
31554371
21957127
37622532
23030781
24114784
9060413
12942343
25569556
15353310
26011749
10833412
18755042
3146413
3260352
33734311
17321596
25602579
23481708
25493016
7542384
28489996
19759552
17463068
8099900
25583481